<?xml version="1.0"?>
<opencv_storage>
<R type_id="opencv-matrix">
  <rows>3</rows>
  <cols>3</cols>
  <dt>d</dt>
  <data>
    9.9980652531085312e-001 -1.8762232940659328e-002
    -5.9068232510224774e-003 1.8503699101249455e-002
    9.9898198992910314e-001 -4.1141182735304108e-002
    6.6727104993999139e-003 4.1023924877682083e-002
    9.9913588291193989e-001</data></R>
<T type_id="opencv-matrix">
  <rows>3</rows>
  <cols>1</cols>
  <dt>d</dt>
  <data>
    -6.4196165877773112e+001 1.9243871705761624e+000
    9.2290678117425440e-001</data></T>
<R1 type_id="opencv-matrix">
  <rows>3</rows>
  <cols>3</cols>
  <dt>d</dt>
  <data>
    9.9860420050510823e-001 -4.9270937564156153e-002
    -1.9026966261143280e-002 4.8869863857665841e-002
    9.9858439728024029e-001 -2.0998521733508049e-002
    2.0034648489226457e-002 2.0039366756672474e-002
    9.9959843769380952e-001</data></R1>
<R2 type_id="opencv-matrix">
  <rows>3</rows>
  <cols>3</cols>
  <dt>d</dt>
  <data>
    9.9944781760232571e-001 -2.9960115710277190e-002
    -1.4368415242293297e-002 3.0248770259682426e-002
    9.9933600558291935e-001 2.0311569199658170e-002
    1.3750337731311034e-002 -2.0734980400336823e-002
    9.9969044648834804e-001</data></R2>
<P1 type_id="opencv-matrix">
  <rows>3</rows>
  <cols>4</cols>
  <dt>d</dt>
  <data>
    5.2294613767087787e+002 0. 3.3692493820190430e+002 0. 0.
    5.2294613767087787e+002 2.2765021896362305e+002 0. 0. 0. 1. 0.</data></P1>
<P2 type_id="opencv-matrix">
  <rows>3</rows>
  <cols>4</cols>
  <dt>d</dt>
  <data>
    5.2294613767087787e+002 0. 3.3692493820190430e+002
    -3.3589684631657481e+004 0. 5.2294613767087787e+002
    2.2765021896362305e+002 0. 0. 0. 1. 0.</data></P2>
<Q type_id="opencv-matrix">
  <rows>4</rows>
  <cols>4</cols>
  <dt>d</dt>
  <data>
    1. 0. 0. -3.3692493820190430e+002 0. 1. 0. -2.2765021896362305e+002
    0. 0. 0. 5.2294613767087787e+002 0. 0. 1.5568652799377983e-002 0.</data></Q>
</opencv_storage>
