<?xml version="1.0"?>
<opencv_storage>
<M1 type_id="opencv-matrix">
  <rows>3</rows>
  <cols>3</cols>
  <dt>d</dt>
  <data>
    5.8812391434230983e+002 0. 3.2079836836350495e+002 0.
    5.8805096185775221e+002 2.1802302697967758e+002 0. 0. 1.</data></M1>
<D1 type_id="opencv-matrix">
  <rows>1</rows>
  <cols>14</cols>
  <dt>d</dt>
  <data>
    8.5679366442132171e-002 -2.8950649940667172e-001 0. 0. 0. 0. 0.
    1.5323443247659742e-002 0. 0. 0. 0. 0. 0.</data></D1>
<M2 type_id="opencv-matrix">
  <rows>3</rows>
  <cols>3</cols>
  <dt>d</dt>
  <data>
    5.8812391434230983e+002 0. 3.2628343567702109e+002 0.
    5.8805096185775221e+002 2.3917935433508021e+002 0. 0. 1.</data></M2>
<D2 type_id="opencv-matrix">
  <rows>1</rows>
  <cols>14</cols>
  <dt>d</dt>
  <data>
    1.1102285084807915e-001 -5.4595281909430171e-001 0. 0. 0. 0. 0.
    -7.3443389805554138e-001 0. 0. 0. 0. 0. 0.</data></D2>
</opencv_storage>
